#PP 2.0

1                  GUCUAUGGCCAUACCACCCUGAAUGUGCUUGAUCUCAUCU

#END

#SECTION BASEPAIRS

#BPCUT 0.001

30 37 0.0154
6 37 7.36e-3
31 36 0.0189
6 16 0.0225
5 33 3.68e-3
7 18 5.47e-3
7 34 2.32e-3
31 39 0.045
13 20 5.07e-3
7 19 1.02e-3
12 21 0.0027
7 36 7.54e-3
12 22 1.64e-3
12 23 0.84
5 38 6.17e-3
13 24 0.0247
12 25 0.0289
13 26 1.03e-3
1 9 3.63e-3
13 29 1.62e-3
7 28 4.49e-3
26 32 1.53e-3
24 32 1.76e-3
7 29 0.851
7 30 1.77e-3
7 15 0.0286
2 32 0.535
26 37 2.05e-3
24 37 6.81e-3
2 8 3.65e-3
25 33 1.38e-3
8 14 0.0284
27 34 3.83e-3
27 36 2.12e-3
25 36 6.97e-3
8 17 0.0055
1 33 0.399
25 38 1.71e-3
1 34 0.073
15 21 0.153
14 21 0.441
1 36 0.043
3 21 6.52e-3
2 22 5.65e-3
15 25 1.21e-3
14 25 1.01e-3
1 39 1.17e-3
3 7 3.48e-3
15 27 0.0122
14 27 1.34e-3
8 26 1.11e-3
9 27 0.921
8 28 0.934
3 31 0.552
22 35 4.91e-3
8 33 2.03e-3
32 38 0.0441
8 34 1.39e-3
20 37 4.22e-3
8 35 5.05e-3
22 38 1.69e-3
23 33 1.66e-3
33 37 0.0347
21 36 5.21e-3
16 20 0.105
23 38 4.94e-3
17 21 1.05e-3
11 20 1.34e-3
21 39 0.0031
10 21 1.39e-3
5 20 1.87e-3
4 21 1.26e-3
16 24 1.09e-3
17 25 0.0128
11 24 0.898
16 26 0.013
10 25 0.904
11 26 0.029
10 27 0.0154
5 29 2.06e-3
11 30 0.0077
10 31 8.07e-3
5 30 0.0494
4 31 0.0243
6 32 3.74e-3
4 32 0.0199

#END
