#PP 2.0

3                  GUGCUUGAUCUCAUCUGAUCUCGUGAAGCCAAGCAGGGUG

#END

#SECTION BASEPAIRS

#BPCUT 0.001

30 37 0.0292
4 33 0.949
28 39 0.0265
5 32 0.948
29 37 0.0118
29 38 0.0293
7 20 0.0569
12 23 2.29e-3
13 24 0.919
12 25 0.926
6 26 0.0056
7 29 1.24e-3
7 30 0.936
6 31 0.947
1 30 0.0031
24 35 1.26e-3
2 33 1.03e-3
2 35 0.77
25 34 1.27e-3
9 18 0.0616
8 19 0.061
1 34 1.07e-3
3 34 0.949
27 39 8.55e-3
14 23 0.854
15 23 0.0304
20 25 1.24e-3
15 25 3.75e-3
14 26 3.54e-3
3 24 0.0372
9 26 4.92e-3
2 25 0.0141
9 27 0.0171
9 28 0.267
3 29 5.81e-3
22 37 1.24e-3
10 17 0.0617
17 21 1.39e-3
17 22 0.0613
16 23 0.0182
4 23 0.0387
10 25 5.02e-3
11 26 0.838
11 27 0.0646
5 27 5.85e-3
10 28 0.126
4 28 5.93e-3
30 36 0.0119

#END
