#PP 2.0

39                 GGUUUUUACUUUGUGUUUGGGAUGUGUUUGCUCCCGCGAU

#END

#SECTION BASEPAIRS

#BPCUT 0.001

30 37 1.33e-3
16 36 0.131
18 36 0.38
28 39 1.05e-3
16 38 0.0143
18 38 2.75e-3
16 39 0.0575
19 32 1.48e-3
19 33 3.56e-3
31 36 1.33e-3
19 34 2.76e-3
19 35 0.96
29 38 1.23e-3
17 36 2.08e-3
19 37 1.43e-3
17 38 0.0563
17 39 0.0032
24 29 0.011
1 9 0.0162
25 30 0.828
1 10 0.192
24 31 0.9
19 31 5.09e-3
1 12 1.12e-3
7 15 0.0109
14 36 0.239
14 38 0.0948
12 38 0.256
14 39 0.0118
12 39 2.52e-3
2 37 1.32e-3
2 7 1.14e-3
2 9 0.254
2 11 0.0015
8 14 0.0146
8 16 0.0319
15 35 0.034
13 37 0.276
15 37 0.165
3 36 1.12e-3
13 40 0.01
15 40 0.0479
3 8 0.242
21 29 5.12e-3
26 31 2.04e-3
20 31 1.72e-3
21 31 3.67e-3
9 13 0.0148
22 32 0.952
20 32 3.47e-3
20 33 2.67e-3
9 15 0.0375
20 34 0.983
20 35 2.04e-3
10 39 1.05e-3
21 32 1.79e-3
21 33 0.983
21 34 2.03e-3
11 39 0.22
22 28 5.12e-3
22 29 2.56e-3
23 30 0.0158

#END
