#PP 2.0

55                 UGGGAAACUUAAUUGCAUAAUUUGUGGUAGUGGGGACUAU

#END

#SECTION BASEPAIRS

#BPCUT 0.001

30 37 0.246
28 39 0.213
30 40 2.42e-3
4 37 0.0999
4 38 1.51e-3
6 13 3.14e-3
31 36 0.241
29 38 0.243
1 17 7.42e-3
31 39 2.91e-3
13 20 3.32e-3
12 21 3.29e-3
19 23 0.215
12 22 1.05e-3
18 24 0.309
5 38 1.58e-3
19 25 0.0144
18 26 0.0142
7 25 2.74e-3
13 27 0.406
12 28 0.359
13 29 0.0104
7 28 0.0011
1 11 0.0176
13 30 0.247
12 31 0.184
7 31 0.101
26 38 2.49e-3
24 40 1.85e-3
2 37 7.94e-3
2 38 0.408
2 8 7.04e-3
2 9 0.0359
2 10 0.0203
8 15 0.0017
3 16 3.49e-3
2 16 9.79e-3
27 37 2.54e-3
14 19 2.63e-3
25 39 2.25e-3
9 20 1.42e-3
27 40 0.18
3 37 0.416
3 38 0.0939
15 25 0.542
8 24 2.91e-3
1 39 0.322
14 26 0.456
3 8 0.0425
9 26 1.41e-3
3 9 0.0206
15 28 0.245
8 27 1.48e-3
14 29 0.25
9 29 0.0918
8 30 0.104
9 30 5.04e-3
8 32 0.0283
10 32 0.409
32 37 2.33e-3
8 33 0.0531
10 33 0.0428
32 38 3.24e-3
8 34 0.453
8 35 0.0676
4 8 0.0199
4 14 9.11e-3
9 32 0.049
33 37 3.14e-3
9 33 0.45
9 34 0.0674
11 18 1.52e-3
10 19 1.66e-3
17 22 1.61e-3
17 23 0.531
11 22 2.83e-3
16 24 0.549
11 23 1.14e-3
17 25 0.308
16 26 0.229
16 27 0.165
11 28 6.94e-3
10 29 0.0101
5 13 8.45e-3
10 30 9.92e-3
11 31 0.312
5 14 0.0038
28 36 2.42e-3

#END
