#PP 2.0

56                 AUAAUUUGUGGUAGUGGGGACUAUGUUGGUUCUCUCCCCU

#END

#SECTION BASEPAIRS

#BPCUT 0.001

16 35 6.99e-3
18 35 0.012
18 36 4.76e-3
16 37 0.0124
18 37 0.076
16 38 4.94e-3
16 39 0.0757
6 13 5.67e-3
17 32 1.11e-3
19 32 5.34e-3
17 33 0.89
17 34 7.68e-3
19 34 0.0144
19 36 0.0756
17 36 0.0125
17 37 4.93e-3
17 38 0.076
24 29 0.0229
1 9 0.0058
25 30 0.001
19 31 0.901
14 34 0.0348
14 35 0.0315
14 36 0.341
14 37 0.0128
14 38 2.34e-3
14 39 9.65e-3
2 8 6.22e-3
25 32 0.0117
25 34 2.58e-3
13 35 0.0443
13 40 7.65e-3
3 7 4.42e-3
21 28 2.91e-3
21 29 0.93
20 30 0.915
20 31 0.0028
20 33 0.0135
20 35 0.0628
10 37 0.0452
10 38 0.251
8 38 9.42e-3
10 39 0.487
8 39 0.128
10 40 0.0313
8 40 5.91e-3
4 12 1.29e-3
4 15 5.75e-3
11 36 0.045
11 37 0.25
11 38 0.486
11 39 0.0397
23 27 0.632
22 28 0.912
23 30 0.0231
5 11 1.33e-3
18 32 0.9
5 14 5.99e-3
16 33 1.32e-3
18 33 0.005
16 34 0.853

#END
