#PP 2.0

57                 ACUUUUAAAGGAUAACAGCUAUCCAUUGGUCUUAGGCCCC

#END

#SECTION BASEPAIRS

#BPCUT 0.001

3 34 1.68e-3
4 34 0.0021
3 35 2.23e-3
14 20 0.941
15 20 1.46e-3
3 9 1.24e-3
8 26 0.105
9 26 0.059
3 28 1.22e-3
30 36 0.93
8 27 0.0541
2 29 1.41e-3
28 38 0.935
28 39 0.0221
21 27 1.51e-3
20 28 1.55e-3
13 21 0.992
10 38 1.16e-3
12 22 0.996
31 35 0.866
7 27 0.0989
31 36 0.0281
6 28 0.0203
1 30 1.07e-3
29 37 0.947
29 38 0.0203
19 29 1.55e-3
2 35 1.83e-3
18 30 1.19e-3
2 36 2.23e-3
11 37 1.17e-3
11 23 0.997
10 24 0.995
5 29 0.0098

#END
