#PP 2.0

59                 AUUGGUCUUAGGCCCCAAAAAUUUUGGUGCAACUCCAAAU

#END

#SECTION BASEPAIRS

#BPCUT 0.001

16 26 0.976
5 15 1.46e-3
11 30 7.73e-3
3 17 0.0016
2 18 1.24e-3
4 36 0.981
3 37 0.938
3 38 4.21e-3
1 40 7.59e-3
27 35 0.0103
25 37 0.0101
6 12 0.0108
15 26 8.22e-3
14 26 5.22e-3
15 27 0.971
14 27 0.0107
14 29 3.51e-3
9 31 0.16
8 32 0.21
10 34 0.0141
5 35 0.98
29 33 1.94e-3
19 23 0.532
18 23 5.23e-3
7 11 0.0101
19 24 2.16e-3
18 24 0.914
18 25 1.51e-3
13 27 5.42e-3
4 14 0.0108
12 28 5.67e-3
13 29 0.972
4 16 1.53e-3
12 30 0.969
9 32 0.011
11 33 0.0141
2 38 0.709
2 39 0.0073
26 36 0.0103
17 24 5.15e-3
24 38 9.54e-3
23 39 7.21e-3
17 25 0.971
5 13 0.011

#END
