#PP 2.0

75                 CUCUGGACUUUGAAUCCAGCGAUCCGAGUUCAAAUCUCGG

#END

#SECTION BASEPAIRS

#BPCUT 0.001

24 40 0.948
5 31 6.07e-3
4 32 5.22e-3
3 19 0.979
3 21 1.99e-3
2 21 0.0064
2 22 2.67e-3
15 22 5.79e-3
30 34 0.023
14 23 3.55e-3
28 36 0.989
27 37 0.992
9 27 5.63e-3
8 28 6.08e-3
25 39 0.992
9 13 0.0392
9 14 0.0237
6 16 0.992
1 21 0.706
13 23 2.38e-3
29 34 0.0144
12 24 4.49e-3
12 25 0.0013
7 29 6.08e-3
6 30 6.07e-3
10 14 1.88e-3
7 15 0.904
5 17 0.992
4 18 0.99
16 21 5.79e-3
10 26 4.89e-3
26 38 0.993
8 12 9.76e-3

#END
