#PP 2.0

78                 CAGGGGUAGAGCAUUUGACUGCAGAUCAAGAGGUCCCUGG

#END

#SECTION BASEPAIRS

#BPCUT 0.001

6 34 0.549
6 35 9.25e-3
6 36 2.01e-3
4 36 0.988
4 37 7.34e-3
4 38 1.79e-3
6 12 0.0015
12 17 0.0043
7 32 5.14e-3
7 33 0.215
13 20 0.0503
5 35 0.895
12 21 0.0602
5 36 9.24e-3
7 21 0.0299
5 37 2.01e-3
19 24 0.118
6 22 0.0296
18 26 0.362
13 26 0.46
7 11 1.33e-3
7 28 1.03e-3
12 30 0.0161
7 29 0.0039
26 33 0.0536
12 32 0.282
7 31 0.0114
24 35 0.0232
12 33 0.0665
2 38 0.991
27 32 0.0571
25 34 0.0498
9 19 0.0296
8 20 0.0298
20 24 8.89e-3
3 37 0.99
20 25 0.045
15 24 0.516
3 38 4.73e-3
14 25 0.511
15 25 1.23e-3
1 39 0.986
9 27 0.015
15 29 0.373
15 30 2.92e-3
14 30 0.344
14 31 3.65e-3
8 34 1.28e-3
10 34 0.203
11 16 2.75e-3
9 34 1.63e-3
11 34 0.0562
9 35 0.0712
17 22 0.513
16 23 0.517
11 22 0.0601
16 24 1.13e-3
17 27 0.383
10 26 0.0144
16 28 0.381
11 27 0.0787
16 29 1.77e-3

#END
