#PP 2.0

79                 AUUUGACUGCAGAUCAAGAGGUCCCUGGUUCAAAUCCAGG

#END

#SECTION BASEPAIRS

#BPCUT 0.001

8 13 0.0051
24 40 0.941
5 15 0.043
5 31 0.0258
4 32 0.026
3 33 0.0253
3 17 0.037
2 18 0.0169
8 17 3.85e-3
1 35 0.0164
8 19 4.54e-3
8 20 0.439
15 20 0.406
14 21 0.411
30 34 0.0225
9 26 0.014
3 12 0.0292
28 36 0.971
27 37 0.973
8 27 0.0243
25 39 0.973
6 14 0.0406
9 15 1.37e-3
7 18 3.61e-3
7 20 3.08e-3
7 21 0.497
6 22 0.498
13 22 0.412
12 23 0.409
29 34 0.0142
4 11 0.0527
7 28 0.0252
7 12 0.0133
1 14 0.0197
6 29 0.013
6 30 0.0135
4 16 0.0419
2 34 0.0226
10 18 0.306
5 23 0.495
5 10 0.0562
2 13 0.0272
26 38 0.973
10 27 0.001
8 12 0.001

#END
