#PP 2.0

80                 GCAGAUCAAGAGGUCCCUGGUUCAAAUCCAGGUGCCCCCU

#END

#SECTION BASEPAIRS

#BPCUT 0.001

5 14 0.0184
22 26 0.0231
3 33 8.41e-3
1 35 0.0103
17 31 1
16 32 0.997
15 34 0.0742
13 35 0.923
13 36 0.0518
4 39 0.0032
3 40 2.61e-3
13 37 2.74e-3
13 38 0.0037
6 13 0.0184
21 26 0.0146
20 28 0.997
1 7 3.32e-3
10 37 0.184
10 38 0.268
10 39 0.0931
8 40 6.37e-3
7 12 0.0182
4 15 0.0183
2 34 0.0103
19 29 1
18 30 0.999
14 34 0.881
12 36 0.916
12 37 0.0558
2 10 2.39e-3
12 38 2.88e-3
12 39 3.78e-3
9 40 0.0782
11 40 3.35e-3

#END
