#PP 2.0

81                 GGUAAAAUGGCUGAGUGAAGCAUUGGACUGUAAAUCUAAA

#END

#SECTION BASEPAIRS

#BPCUT 0.001

10 28 0.0078
3 34 2.45e-3
1 36 2.73e-3
1 37 1.55e-3
9 21 0.438
8 22 0.851
15 21 1.06e-3
27 35 0.0375
15 23 3.88e-3
14 23 4.36e-3
3 27 0.928
14 24 3.66e-3
2 28 0.934
30 36 8.49e-3
25 37 0.0403
9 29 7.69e-3
8 30 7.02e-3
12 18 0.011
12 19 0.955
7 23 0.898
6 24 0.889
7 24 0.0209
29 33 0.0014
29 34 7.14e-3
13 24 4.45e-3
1 28 2.05e-3
12 25 5.45e-3
1 29 0.832
12 26 2.28e-3
32 37 3.61e-3
31 38 0.0036
7 31 6.59e-3
2 35 2.66e-3
11 17 1.04e-3
2 36 1.72e-3
11 20 0.967
10 21 0.552
17 21 0.004
16 22 0.0041
26 36 0.0406
11 26 5.61e-3
24 38 0.0373
23 39 0.0274

#END
