#PP 2.0

82                 GAGUGAAGCAUUGGACUGUAAAUCUAAAGACAGGGGUUAG

#END

#SECTION BASEPAIRS

#BPCUT 0.001

13 19 0.0019
12 20 1.81e-3
12 21 5.25e-3
24 29 0.0648
13 25 0.129
24 33 0.018
12 26 0.125
24 34 7.58e-3
24 35 0.299
26 38 2.35e-3
13 31 0.0782
1 24 6.62e-3
12 32 0.0774
1 9 0.003
24 40 2.51e-3
12 33 1.86e-3
12 34 2.58e-3
12 35 3.04e-3
1 12 4.64e-3
12 36 1.84e-3
14 37 6.32e-3
14 38 0.0931
12 39 0.0112
12 40 1.16e-3
25 32 0.0167
25 33 7.51e-3
25 34 0.295
2 37 0.0115
27 37 1.63e-3
25 39 2.71e-3
2 11 5.09e-3
2 12 0.12
13 37 1.91e-3
15 37 0.1
13 38 0.0108
15 23 0.119
3 16 0.104
14 24 0.129
2 17 0.0985
1 38 0.0103
2 23 6.48e-3
14 31 4.72e-3
3 24 9.27e-3
3 9 0.0219
2 25 8.74e-3
3 11 0.141
3 31 4.83e-3
4 8 0.0192
4 10 0.144
17 21 4.41e-3
4 14 2.58e-3
17 22 0.022
4 15 0.101
5 19 1.54e-3
4 20 1.74e-3
17 28 0.0637
16 29 0.0651
4 22 1.59e-3
30 37 0.0594
5 24 4.74e-3
5 9 0.14
16 33 0.287
16 34 1.17e-3
5 12 2.97e-3
16 35 0.0035
16 36 0.101
4 30 4.76e-3
18 38 0.0102
5 31 4.87e-3
4 32 3.98e-3
16 40 0.0134
4 35 0.0101
6 37 5.97e-3
31 36 0.06
6 38 0.0362
4 39 6.28e-3
29 38 0.054
4 40 1.14e-3
19 32 2.83e-3
17 32 0.29
19 33 0.0529
17 34 3.57e-3
6 11 2.64e-3
17 35 0.098
6 12 5.12e-3
19 39 0.0107
17 39 0.0138
19 40 2.56e-3
18 24 1.97e-3
7 17 0.0104
19 26 0.0208
7 37 0.0406
19 29 1.08e-3
7 38 0.0634
5 38 6.83e-3
19 30 0.272
6 23 4.68e-3
18 31 0.292
7 25 4.54e-3
7 11 3.12e-3
7 12 7.02e-3
8 16 0.0109
20 25 0.0218
9 18 0.118
8 19 0.113
8 24 4.84e-3
9 29 0.0515
22 37 0.291
9 14 9.64e-3
20 38 9.97e-3
8 31 0.0203
8 37 0.0784
10 37 3.73e-3
23 34 0.0153
23 35 5.42e-3
23 36 0.296
21 37 7.03e-3
21 38 0.25
10 17 0.0988
11 33 0.0577
9 34 2.61e-3
11 18 0.0011
11 34 2.92e-3
9 35 0.0432
10 19 1.04e-3
11 35 2.17e-3
23 27 1.14e-3
9 36 0.0794
11 36 4.01e-3
23 28 0.0032
11 21 1.14e-3
23 29 1.26e-3
11 22 0.0052
23 30 0.0591
10 23 5.02e-3
9 40 1.12e-3
11 40 0.0053
11 27 0.102

#END
