#PP 2.0

85                 UAACACAAAGCACCCAACUUACACUUAGGAGAUUUCAACU

#END

#SECTION BASEPAIRS

#BPCUT 0.001

16 35 1.07e-3
28 39 0.0204
30 40 5.78e-3
28 40 1.07e-3
29 35 0.0256
17 33 0.0105
31 36 0.0203
29 36 0.0382
17 34 1.06e-3
31 39 6.88e-3
29 39 1.34e-3
7 35 0.0254
19 23 2.44e-3
19 27 0.0595
24 29 6.07e-3
19 28 0.175
18 28 0.0606
25 30 6.51e-3
18 29 0.173
24 31 7.52e-3
19 30 0.135
13 29 0.0807
6 28 8.71e-3
1 27 2.56e-3
19 31 1.06e-3
18 31 0.134
6 29 1.08e-3
13 31 0.0351
12 33 0.001
12 34 1.14e-3
26 37 1.49e-3
25 38 1.16e-3
9 19 0.0373
8 20 0.0326
27 40 0.016
21 25 0.0014
21 26 0.144
20 27 0.171
9 25 0.0187
8 26 0.0165
3 25 2.47e-3
20 29 0.131
14 28 0.0807
15 28 0.185
2 26 2.85e-3
14 29 0.184
15 29 1.17e-3
14 31 9.78e-3
15 31 0.0369
10 33 9.47e-3
10 34 1.05e-3
8 34 0.032
8 35 8.32e-3
10 36 4.76e-3
10 39 0.007
4 10 5.71e-3
10 15 2.46e-3
9 33 0.0283
10 18 0.0377
9 34 0.01
16 25 2.34e-3
17 25 0.0469
10 24 0.0187
9 40 5.72e-3
16 26 0.0509
17 26 0.0186
22 28 0.0163
22 29 0.0034
22 31 3.25e-3
4 29 1.57e-3
30 34 0.0187
11 31 0.0324
30 35 0.0337
16 33 3.99e-3
4 31 1.17e-3
28 36 0.0273
16 34 8.53e-3

#END
