#PP 2.0

86                 CCCAACUUACACUUAGGAGAUUUCAACUUAACUUGACCGC

#END

#SECTION BASEPAIRS

#BPCUT 0.001

12 17 4.59e-3
13 18 4.69e-3
12 19 5.42e-3
1 17 0.0343
26 33 0.451
13 26 1.29e-3
1 19 0.0252
24 35 0.601
13 30 1.07e-3
13 31 0.0548
12 35 1.71e-3
14 35 0.0705
12 39 2.54e-3
25 34 0.596
27 35 1.82e-3
15 33 5.78e-3
15 34 0.0712
13 36 0.0598
3 16 0.139
2 16 0.0344
2 17 0.139
14 25 1.45e-3
3 35 0.0159
3 19 0.0284
2 19 7.49e-3
15 28 0.0138
15 29 0.071
14 30 0.0707
4 13 1.38e-3
4 14 0.0279
17 23 6.85e-3
16 24 7.27e-3
17 24 0.0105
16 27 0.0158
17 27 0.0694
16 28 0.0702
4 21 0.0028
5 21 7.98e-3
28 36 1.08e-3
17 29 0.0173
4 22 6.43e-3
16 32 6.94e-3
16 33 0.0711
18 33 9.79e-3
5 13 0.0254
5 14 0.0138
16 37 1.54e-3
16 38 0.123
4 34 0.0159
29 35 1.27e-3
6 39 1.34e-3
17 32 0.07
19 32 0.01
17 34 0.0065
19 34 0.0105
17 37 0.123
19 37 4.55e-3
17 38 1.73e-3
18 22 5.07e-3
19 38 0.0167
18 23 9.49e-3
7 16 0.146
6 16 0.0477
17 40 1.17e-3
19 24 0.0181
19 40 0.0136
5 33 0.0141
6 17 0.144
7 18 0.104
6 19 0.104
19 27 0.0274
7 36 5.78e-3
18 28 0.027
19 28 2.06e-3
18 29 1.53e-3
19 29 7.43e-3
7 11 1.36e-3
7 31 0.0106
7 15 0.0468
8 15 0.142
8 17 0.101
21 26 1.27e-3
20 28 7.02e-3
20 29 0.0347
21 30 4.27e-3
21 31 5.81e-3
32 39 2.14e-3
20 33 9.93e-3
20 34 4.14e-3
22 36 1.41e-3
9 29 0.0106
9 13 1.11e-3
9 14 0.12
8 30 0.0114
10 35 0.0195
8 35 6.81e-3
10 39 7.17e-3
23 36 0.531
10 16 0.0125
11 33 3.04e-3
10 17 0.0026
11 34 0.018
9 34 6.11e-3
10 19 2.39e-3
23 30 4.82e-3
22 30 0.0059
22 31 5.48e-3

#END
