#PP 2.0

87                 CUUACACUUAGGAGAUUUCAACUUAACUUGACCGCUCUGA

#END

#SECTION BASEPAIRS

#BPCUT 0.001

16 34 6.61e-3
6 38 3.28e-3
15 36 2.27e-3
13 36 0.973
13 38 2.22e-3
3 10 0.006
21 28 0.749
20 29 0.988
10 38 0.12
7 39 0.0106
5 39 6.13e-3
8 39 3.73e-3
4 9 0.0053
8 40 0.0853
1 11 7.95e-3
1 12 2.11e-3
19 30 0.997
12 32 0.001
18 31 0.959
14 33 3.34e-3
14 35 0.984
12 35 2.32e-3
12 36 0.0165
11 37 0.0705
14 37 2.34e-3
12 37 0.921
11 38 0.737
9 39 0.122
2 10 8.16e-3
2 11 3.24e-3
9 40 0.0221
5 11 1.78e-3

#END
