#PP 2.0

89                 CAGCGGAAGCGUGCUGGGCCCAUAACCCAGAGGUCGAUGG

#END

#SECTION BASEPAIRS

#BPCUT 0.001

6 34 0.0139
28 39 1.57e-3
6 35 4.26e-3
4 36 0.0542
4 39 0.0147
6 10 0.01
19 33 0.233
17 35 0.231
1 16 0.87
29 38 1.56e-3
7 34 2.99e-3
1 17 1.47e-3
5 35 0.0546
19 40 3.88e-3
5 38 0.0143
18 26 0.119
26 33 0.629
12 31 0.0738
1 13 5.65e-3
12 32 1.75e-3
2 38 0.0438
27 32 0.625
2 12 5.01e-3
27 33 0.0152
25 34 0.616
2 15 0.877
27 40 0.0015
1 39 0.0492
3 10 0.0175
21 30 0.186
15 29 0.119
14 30 0.118
3 12 0.0118
20 32 0.232
3 14 0.878
10 32 1.94e-3
10 33 0.0759
22 38 0.641
10 36 2.95e-3
20 39 2.88e-3
20 40 0.62
4 9 0.0176
4 11 0.0145
4 13 0.877
23 36 6.74e-3
9 34 0.0634
23 37 0.623
9 35 2.12e-3
11 35 3.86e-3
21 39 0.641
17 27 0.119
5 10 0.018
23 29 0.015
16 28 0.119
28 32 0.0154
5 12 0.747
18 34 0.232

#END
