#PP 2.0

10                 ACCACCCUGAACGCACCGGAUCUCGACUGACCUUGAAAGC

#END

#SECTION BASEPAIRS

#BPCUT 0.001

16 35 0.0444
28 38 7.06e-3
4 34 1.24e-3
6 13 1.95e-3
19 32 0.0689
19 33 3.19e-3
19 34 3.14e-3
13 17 0.0135
17 35 0.0207
12 18 0.0144
12 19 0.0255
7 18 0.0955
6 18 0.0223
7 19 0.0991
6 19 0.0954
19 23 0.0082
18 24 0.0195
7 39 0.0149
19 27 0.0171
18 27 1.75e-3
7 25 3.25e-3
6 25 4.84e-3
24 29 0.0178
18 28 0.0171
19 31 0.553
7 13 2.48e-3
26 33 0.16
13 31 2.86e-3
24 35 0.189
14 35 0.103
12 35 4.29e-3
14 39 0.0596
12 39 0.0137
2 9 2.22e-3
25 32 6.33e-3
25 34 0.186
8 15 0.0497
27 35 1.08e-3
9 16 0.0475
15 34 0.0976
13 34 3.61e-3
9 17 0.11
14 19 1.95e-3
8 18 0.0998
3 18 0.0128
27 39 7.11e-3
2 19 0.0127
3 35 1.45e-3
9 22 0.0307
13 40 0.0589
9 24 4.44e-3
8 25 2.77e-3
3 9 0.0236
15 28 5.59e-3
21 30 0.63
14 29 5.98e-3
9 14 0.0578
3 29 6.02e-3
20 33 3.26e-3
22 35 9.04e-3
10 34 2.53e-3
32 39 2.55e-3
8 36 1.84e-3
22 39 1.41e-3
8 38 0.0151
4 8 0.0156
11 33 2.46e-3
33 38 0.0024
23 36 0.171
21 36 7.91e-3
21 37 1.09e-3
5 18 0.0011
21 38 5.38e-3
5 19 0.0223
10 21 0.0299
4 21 1.61e-3
10 23 4.24e-3
17 25 0.0193
9 40 3.91e-3
22 29 0.64
23 30 0.0166
17 29 0.017
4 28 5.74e-3
5 13 1.24e-3
18 32 0.552
18 33 0.0602
18 34 8.49e-3

#END
