#PP 2.0

15                 UAGUAUUGGGAUGGCAGACCCCCUGGAAAUACAGGGUGCU

#END

#SECTION BASEPAIRS

#BPCUT 0.001

16 37 0.715
18 37 1.99e-3
6 36 0.0534
16 40 0.0179
4 38 0.0756
6 11 3.57e-3
12 16 6.68e-3
12 17 2.85e-3
7 16 0.061
12 18 9.52e-3
6 17 0.0387
19 36 2.42e-3
13 20 0.0108
7 35 0.0012
19 38 0.0347
17 39 0.0234
5 37 0.0711
1 8 0.002
24 33 0.999
14 39 0.731
2 7 2.02e-3
2 40 0.0596
25 32 0.998
8 15 0.0645
14 19 0.0108
9 19 0.034
8 20 0.0338
9 20 0.1
3 19 0.0376
15 38 0.732
8 21 0.0813
9 21 1.02e-3
13 40 0.573
3 39 0.0758
3 12 2.79e-3
9 15 0.0023
22 34 0.0034
3 15 3.58e-3
22 35 0.989
20 35 0.002
20 36 9.84e-3
20 38 0.0172
4 11 3.01e-3
4 13 2.32e-3
4 14 3.12e-3
23 34 0.995
21 34 1.59e-3
21 35 6.67e-3
21 36 0.901
10 19 0.1
4 18 0.0375
10 20 1.07e-3
5 12 4.02e-3

#END
