#PP 2.0

16                 UGGGAUGGCAGACCCCCUGGAAAUACAGGGUGCUGAAGGU

#END

#SECTION BASEPAIRS

#BPCUT 0.001

8 13 1.03e-3
2 15 2.82e-3
17 28 0.991
16 28 6.06e-3
33 39 0.0011
16 29 0.984
10 31 0.214
13 32 0.683
6 35 0.0437
6 36 2.43e-3
6 37 0.0054
6 38 0.211
1 39 1.21e-3
6 39 9.59e-3
3 40 5.06e-3
4 40 0.0123
13 39 1.92e-3
3 13 3.12e-3
3 14 4.55e-3
15 28 0.0032
15 29 0.0119
14 29 4.02e-3
15 30 0.972
14 30 0.0175
7 34 0.202
8 33 0.219
10 34 0.765
5 40 0.0122
1 10 1.34e-3
4 13 4.56e-3
19 26 0.998
7 14 1.04e-3
18 27 0.998
13 30 4.89e-3
12 31 6.55e-3
9 32 0.219
14 32 0.0175
11 33 0.764
9 35 0.761
2 40 0.0014
2 9 1.86e-3
14 38 1.91e-3
12 40 0.0016
2 14 0.0031

#END
