#PP 2.0

17                 GUCUACAGCCAUACCAUCCUGAACAUGCCAGAUCUUGUCU

#END

#SECTION BASEPAIRS

#BPCUT 0.001

12 16 4.45e-3
13 20 3.28e-3
12 21 3.27e-3
24 31 6.38e-3
26 32 1.86e-3
12 25 0.051
1 6 7.08e-3
24 37 0.0558
12 30 1.26e-3
1 24 0.0407
12 32 1.36e-3
1 9 0.0183
1 26 1.99e-3
1 10 8.55e-3
1 28 3.19e-3
1 12 1.16e-3
12 37 0.0482
14 37 0.0235
1 14 2.87e-3
2 32 0.156
25 33 1.44e-3
27 34 0.0193
25 36 0.0538
27 38 3.17e-3
2 8 0.0171
27 39 0.0039
2 11 1.24e-3
13 35 0.001
13 36 0.0465
2 13 2.66e-3
14 21 0.0105
15 21 0.0757
15 37 0.0227
13 38 0.0207
1 33 0.117
1 34 0.0126
15 27 0.0113
3 21 6.92e-3
2 22 4.79e-3
2 23 0.0381
3 8 3.81e-3
2 25 2.07e-3
2 27 2.99e-3
3 31 0.162
4 11 1.05e-3
16 20 0.0502
4 13 1.39e-3
17 25 0.0105
16 26 0.0114
30 36 0.0104
4 22 6.12e-3
28 37 3.53e-3
4 23 2.88e-3
30 40 0.0936
16 33 0.136
5 12 1.41e-3
16 35 1.21e-3
16 36 0.0223
4 30 0.157
18 37 1.11e-3
31 35 4.82e-3
6 37 0.0188
29 37 0.0108
31 39 0.116
17 32 0.15
7 35 2.81e-3
19 27 1.42e-3
7 36 0.0166
7 20 0.101
6 21 0.101
5 38 0.0161
18 31 0.0842
19 31 0.432
7 40 0.03
7 26 0.0212
6 27 0.0217
8 14 1.74e-3
8 15 3.17e-3
8 19 0.0994
21 28 0.0123
21 29 0.501
20 30 0.503
32 38 0.114
8 24 2.43e-3
22 33 6.37e-3
9 27 0.124
8 28 0.145
8 29 0.01
22 38 0.0111
8 34 4.73e-3
8 35 0.0107
10 37 0.0434
8 38 2.96e-3
33 37 0.0978
8 39 0.0368
21 34 6.56e-3
23 38 0.0418
21 39 0.0213
11 17 0.0051
11 33 1.26e-3
11 20 0.028
11 36 0.043
9 37 3.16e-3
10 21 0.0291
11 38 0.0437
11 26 0.0558
10 27 0.0361

#END
