#PP 2.0

18                 ACCAUCCUGAACAUGCCAGAUCUUGUCUGACCUCUGAAGC

#END

#SECTION BASEPAIRS

#BPCUT 0.001

18 35 0.381
4 35 1.11e-3
6 36 0.0128
16 39 0.073
19 32 1.83e-3
19 34 0.381
17 36 0.377
7 19 0.014
6 19 1.14e-3
7 36 7.99e-3
5 37 0.0116
13 24 1.81e-3
7 39 0.0836
12 25 1.88e-3
19 27 0.596
24 29 0.0192
18 28 0.596
24 30 1.06e-3
25 31 1.42e-3
7 15 3.53e-3
26 37 3.72e-3
12 36 0.0371
14 38 2.32e-3
12 39 1.49e-3
14 39 0.0128
2 9 2.74e-3
15 32 0.013
13 33 9.69e-3
15 33 2.55e-3
9 16 3.19e-3
27 36 4.32e-3
15 34 1.52e-3
9 17 0.015
13 35 0.0361
8 18 0.015
3 36 1.18e-3
21 25 0.502
15 40 0.0719
20 26 0.586
3 39 2.68e-3
3 9 0.0291
26 30 1.17e-3
9 27 1.22e-3
21 30 0.317
15 31 0.127
20 33 0.356
3 15 0.0268
10 33 0.0256
32 39 7.46e-3
10 35 1.63e-3
8 37 1.97e-3
8 38 0.0843
4 8 0.0192
4 14 0.0269
33 38 6.57e-3
9 34 0.0272
11 35 0.0151
5 20 0.002
4 21 1.67e-3
11 26 1.22e-3
22 29 0.339
23 30 0.0214
16 29 0.0015
17 29 0.592
5 13 0.0248
18 33 1.55e-3

#END
