#PP 2.0

23                 AUACUUACCUGGCAGGGGAGAUACCAUGAUCACGAAGGUG

#END

#SECTION BASEPAIRS

#BPCUT 0.001

30 38 1.04e-3
6 35 0.06
6 36 0.593
4 37 0.0592
4 38 0.668
6 40 0.129
31 37 1.07e-3
6 18 0.026
29 39 0.001
31 40 0.0186
5 36 0.061
5 37 0.662
18 24 0.0197
7 39 0.196
1 22 3.19e-3
13 28 0.895
12 30 0.849
12 31 2.49e-3
12 33 8.44e-3
24 38 0.0382
2 38 1.53e-3
2 40 0.45
27 34 3.92e-3
27 35 7.57e-3
15 33 1.01e-3
8 16 0.0321
9 16 0.0227
27 36 7.16e-3
8 17 0.0226
9 17 3.71e-3
25 37 0.0381
8 18 3.67e-3
2 21 0.004
3 22 0.0022
15 25 0.121
1 39 0.0017
2 23 1.74e-3
3 39 0.649
14 27 0.833
15 27 7.05e-3
21 30 1.96e-3
20 31 1.91e-3
15 31 1.04e-3
9 15 0.0321
10 32 0.776
8 34 0.569
10 34 1.02e-3
32 39 0.0197
10 35 3.18e-3
10 36 0.125
22 40 0.0245
8 38 0.204
10 14 0.026
10 15 0.0215
10 16 3.64e-3
11 33 3.74e-3
33 38 0.0199
9 34 0.017
5 19 0.0472
23 39 0.0368
9 37 0.203
5 20 1.21e-3
4 20 0.047
17 24 0.796
16 24 0.121
17 25 0.0197
16 25 0.788
22 29 1.84e-3
28 33 5.06e-3
11 30 1.59e-3
11 31 0.866

#END
