#PP 2.0

28                 AUCCAUUGCACUCCGGAUGUGCUGACCCCUGCGAUUUCCC

#END

#SECTION BASEPAIRS

#BPCUT 0.001

16 36 2.69e-3
6 34 0.263
16 37 0.0263
16 38 0.344
16 39 1.32e-3
12 17 1.51e-3
7 16 0.0107
19 35 0.175
17 35 3.51e-3
6 17 0.0109
7 33 0.271
17 36 0.0317
17 37 0.324
5 35 0.225
1 18 0.0454
7 21 1.06e-3
18 24 1.14e-3
18 25 0.0252
13 24 0.01
19 26 0.111
12 25 0.011
7 24 0.0136
6 24 6.81e-3
24 28 1.41e-3
6 25 0.0144
24 29 0.0653
24 32 4.27e-3
26 33 1.61e-3
12 34 4.77e-3
24 38 1.46e-3
2 34 0.0234
8 13 1.42e-3
27 33 1.81e-3
8 14 1.81e-3
13 33 0.0054
3 16 0.0533
25 37 1.34e-3
2 17 0.0519
3 33 0.0246
15 20 1.04e-3
9 19 4.13e-3
15 37 1.69e-3
14 21 1.29e-3
8 20 0.0038
1 35 0.017
15 38 0.026
15 22 8.41e-3
9 21 0.272
15 39 0.343
15 23 0.0758
8 22 0.27
20 25 0.11
15 40 1.51e-3
14 24 0.0729
15 26 1.71e-3
3 24 4.24e-3
15 27 0.0348
2 25 4.11e-3
15 28 0.043
26 31 1.97e-3
15 29 0.102
15 30 0.0073
14 31 5.94e-3
20 33 0.171
9 31 0.276
20 34 0.196
8 32 0.276
21 32 0.438
23 33 2.76e-3
11 16 4.57e-3
4 15 0.0533
33 38 0.0027
10 18 4.05e-3
33 39 1.88e-3
11 19 0.272
5 18 0.011
10 20 0.272
4 19 0.0109
16 22 0.0757
11 24 1.07e-3
5 23 0.0438
16 26 0.0347
4 24 0.05
16 27 0.0431
16 28 0.102
16 29 8.72e-3
22 31 0.439
28 33 1.99e-3
10 30 0.26
5 30 0.0223
4 31 0.0232
18 34 5.39e-3

#END
