#PP 2.0

30                 ACCCCUGCGAUUUCCCCAAAUGUGGGAAACUCGACUGCAU

#END

#SECTION BASEPAIRS

#BPCUT 0.001

11 29 0.91
10 31 0.955
6 33 3.72e-3
6 34 0.0106
3 37 0.0126
6 37 1.88e-3
4 37 0.038
6 39 0.0718
15 25 0.932
15 26 0.049
14 26 0.95
9 30 8.65e-3
9 31 1.19e-3
7 32 5.81e-3
8 33 0.895
7 35 0.3
5 37 0.059
8 37 0.0771
7 38 0.0883
18 23 0.0771
13 27 0.964
13 28 0.0234
12 28 0.953
12 29 0.0261
9 32 0.967
12 33 2.16e-3
11 34 0.0032
2 37 5.53e-3
9 35 1.09e-3
9 36 0.0143
2 7 1.34e-3
17 22 0.653
17 24 0.0843
16 24 0.913
16 25 0.0667

#END
