#PP 2.0

31                 UCCCCAAAUGUGGGAAACUCGACUGCAUAAUUUGUGGUAG

#END

#SECTION BASEPAIRS

#BPCUT 0.001

6 33 6.68e-3
4 36 4.35e-3
18 40 0.0551
6 11 0.42
29 33 4.12e-3
7 32 6.55e-3
1 16 0.0112
5 34 6.69e-3
19 39 0.0513
19 40 0.0024
13 23 4.59e-3
12 24 4.55e-3
12 26 1.91e-3
26 34 0.982
1 15 0.411
24 36 0.973
26 36 3.33e-3
26 37 5.18e-3
24 39 7.85e-3
2 37 2.31e-3
27 32 2.37e-3
27 33 0.949
2 13 0.001
2 14 0.462
27 35 5.82e-3
25 35 0.978
25 38 7.67e-3
3 36 2.33e-3
3 37 4.31e-3
9 27 3.91e-3
8 28 0.0023
3 12 1.01e-3
9 30 1.93e-3
3 13 0.454
8 31 4.36e-3
3 14 0.527
22 35 1.32e-3
20 37 1.18e-3
22 38 0.913
20 40 0.0599
4 12 0.445
4 13 0.538
23 34 1.36e-3
23 37 0.98
21 38 2.55e-3
23 40 7.61e-3
11 25 0.0046
10 26 4.62e-3
11 27 1.93e-3
5 10 0.318
10 28 1.81e-3
5 12 0.546
28 34 5.92e-3

#END
