#PP 2.0

32                 GGAAACUCGACUGCAUAAUUUGUGGUAGUGGGGGACUGCG

#END

#SECTION BASEPAIRS

#BPCUT 0.001

11 28 0.983
10 29 0.975
6 32 0.0186
6 33 0.963
6 34 0.0049
1 36 0.035
3 37 0.177
1 37 0.151
4 37 1.38e-3
1 39 0.279
15 20 1.05e-3
15 21 0.0224
14 22 0.0215
15 23 0.64
14 24 0.333
28 36 0.0015
27 37 1.48e-3
14 25 0.644
30 37 5.96e-3
25 39 1.27e-3
9 29 9.03e-3
28 39 5.89e-3
8 30 0.0173
8 31 0.97
7 32 0.966
8 32 2.64e-3
7 33 3.77e-3
13 23 0.0205
12 24 0.0155
29 35 1.48e-3
18 23 1.09e-3
31 36 6.01e-3
13 26 0.954
12 27 0.981
29 38 5.88e-3
7 31 0.0174
34 39 5.77e-3
2 36 0.169
2 37 4.28e-3
2 39 0.031
17 21 0.454
16 22 0.653
17 23 0.056
11 25 0.0151
16 24 0.055
10 26 0.0138
26 38 1.31e-3

#END
