#PP 2.0

33                 AAUUUGUGGUAGUGGGGGACUGCGUUCGCGCUUUCCCCUG

#END

#SECTION BASEPAIRS

#BPCUT 0.001

23 28 7.81e-3
22 29 7.83e-3
23 30 0.992
22 31 0.992
18 33 2.42e-3
18 34 0.0306
18 35 0.966
16 35 2.42e-3
15 36 2.42e-3
16 36 0.0315
15 37 0.0318
3 9 6.28e-3
16 37 0.966
15 38 0.965
6 10 2.02e-3
13 40 0.162
3 12 0.0418
21 30 7.09e-3
19 32 2.37e-3
19 33 0.0299
19 34 0.956
17 34 0.0024
17 35 0.0313
4 8 3.55e-3
17 36 0.966
10 40 1.97e-3
4 11 0.0393
4 12 1.65e-3
24 29 0.941
14 37 2.42e-3
11 39 2.54e-3
2 10 6.13e-3
12 38 2.36e-3
14 38 0.0318
14 39 0.888
5 11 2.69e-3
2 13 0.0398

#END
