#PP 2.0

35                 CGGGGGAGAGACGCUGUUGGUCCUGAUAAAGUGUUUUUCU

#END

#SECTION BASEPAIRS

#BPCUT 0.001

17 26 0.291
16 27 0.27
17 28 0.0153
17 29 0.156
13 32 0.995
6 37 4.23e-3
6 38 3.39e-3
6 39 0.988
4 39 4.58e-3
3 40 3.96e-3
4 40 6.33e-3
20 24 0.0122
21 25 4.83e-3
21 26 0.0454
15 28 0.0707
20 27 0.0475
15 29 4.85e-3
15 30 0.889
14 31 0.995
8 35 0.004
10 35 0.992
7 36 4.18e-3
8 36 2.08e-3
7 37 2.96e-3
8 37 0.99
5 38 4.42e-3
7 38 0.99
5 39 5.52e-3
5 40 0.823
19 23 4.39e-3
19 24 0.107
18 25 0.278
18 26 0.0349
19 27 0.21
18 28 0.212
18 29 2.86e-3
12 31 3.97e-3
11 32 3.94e-3
12 33 0.996
9 34 3.95e-3
11 34 0.994
9 35 1.64e-3
9 36 0.991

#END
