#PP 2.0

37                 GAUAAAGUGUUUUUCUUGGGGGAGGGUUUUUACUUUGUGU

#END

#SECTION BASEPAIRS

#BPCUT 0.001

6 34 0.998
4 36 0.994
3 37 0.986
15 20 3.32e-3
1 40 2.38e-3
15 21 0.0307
14 21 0.0034
15 22 0.0337
14 22 0.0307
14 23 0.0336
15 24 0.646
15 25 0.271
14 25 0.63
15 26 0.0127
14 26 0.253
9 28 0.0017
9 30 5.13e-3
9 31 0.939
8 32 0.995
7 33 1
5 35 0.996
13 22 3.44e-3
12 23 3.44e-3
13 23 0.0307
12 24 0.0302
13 24 0.0321
12 25 0.0289
13 26 0.573
12 26 1.71e-3
2 38 0.95
16 20 0.0249
16 21 0.0288
17 22 0.621
11 24 3.35e-3
17 23 0.262
16 23 0.644
10 25 3.24e-3
11 25 0.029
17 24 0.0113
16 24 0.269
10 26 0.0274
11 26 0.0178
16 25 0.0126

#END
