#PP 2.0

46                 AUACUUAACUGGCAAGGGAAAUAACAUGAUCAUUAAAGGU

#END

#SECTION BASEPAIRS

#BPCUT 0.001

30 39 0.0165
6 35 0.295
6 36 0.357
6 37 0.0994
4 38 0.497
4 39 0.162
6 14 3.44e-3
6 15 6.44e-3
31 38 0.0181
7 34 0.357
6 19 0.042
29 40 0.0144
5 36 0.188
6 20 2.39e-3
5 37 0.448
5 38 0.148
18 25 8.21e-3
13 28 0.846
19 30 2.66e-3
18 31 2.91e-3
12 30 0.828
12 31 1.07e-3
2 39 9.19e-3
9 16 0.055
9 17 0.0059
9 18 3.77e-3
3 22 9.41e-3
2 23 8.71e-3
21 27 1.24e-3
1 40 0.0081
3 40 0.129
15 27 0.0106
14 27 0.827
10 32 0.808
8 33 0.344
8 34 0.124
10 37 0.0018
10 38 4.04e-3
8 40 3.58e-3
4 11 1.83e-3
4 12 2.24e-3
10 15 0.054
10 16 5.75e-3
10 17 3.72e-3
5 16 6.71e-3
4 16 0.0038
5 17 1.07e-3
4 17 6.74e-3
4 18 0.0011
17 22 1.19e-3
5 20 0.035
9 38 2.05e-3
5 21 1.95e-3
9 39 4.41e-3
22 26 1.01e-3
17 25 0.129
16 25 0.727
11 25 1.66e-3
16 27 1.07e-3
10 26 1.41e-3
5 11 2.21e-3
17 30 1.29e-3
17 31 1.21e-3
16 31 0.0014
11 30 1.33e-3
11 31 0.848
5 15 3.79e-3

#END
