#PP 2.0

51                 UGUCUCUUGCAUUGUGGAUGUGCUGACCCCUGUGGUUUUC

#END

#SECTION BASEPAIRS

#BPCUT 0.001

29 34 0.0942
6 14 0.0078
29 35 0.034
13 17 0.216
6 16 2.66e-3
7 16 0.0146
13 18 0.0213
12 18 0.265
6 17 0.0151
13 20 1.82e-3
12 20 0.644
7 35 1.23e-3
6 20 1.04e-3
1 20 6.16e-3
6 22 5.49e-3
7 22 1.82e-3
19 26 0.0043
6 25 0.0597
7 25 0.0062
7 26 1.64e-3
1 11 1.94e-3
26 33 4.23e-3
7 14 5.02e-3
24 34 1.98e-3
12 32 0.0121
24 35 1.78e-3
26 36 0.62
26 37 0.0043
26 39 1.29e-3
2 10 2.59e-3
27 32 4.53e-3
27 35 0.642
25 37 0.517
8 18 1.44e-3
25 38 4.73e-3
3 18 0.0212
2 19 0.0202
25 40 1.44e-3
15 22 1.56e-3
9 21 0.263
14 23 1.59e-3
8 22 0.0818
9 23 0.658
3 22 0.0104
21 26 7.54e-3
2 23 0.0111
20 27 7.53e-3
8 25 2.17e-3
3 9 1.87e-3
3 26 0.242
2 27 0.24
14 30 0.0115
2 29 3.26e-3
22 33 2.22e-3
9 15 2.86e-3
2 30 1.15e-3
10 32 3.18e-3
22 36 1.89e-3
8 34 1.98e-3
10 34 0.0133
22 40 3.22e-3
23 32 2.34e-3
10 14 2.97e-3
10 16 1.91e-3
23 35 2.14e-3
11 33 0.0135
9 33 3.09e-3
5 16 0.0174
4 17 0.0214
11 19 0.271
5 18 0.014
10 20 0.271
11 21 0.658
4 20 3.38e-3
10 22 0.661
17 27 4.44e-3
4 25 0.242
17 28 0.0104
16 28 4.46e-3
5 26 0.0419
17 29 2.35e-3
16 29 0.0105
16 30 2.35e-3
30 34 0.034
28 34 0.639
11 31 0.0029
11 15 1.26e-3
28 35 0.0926

#END
