#PP 2.0

52                 UGUGGAUGUGCUGACCCCUGUGGUUUUCUACAAAUGUGGG

#END

#SECTION BASEPAIRS

#BPCUT 0.001

30 37 0.0298
18 36 0.203
28 39 0.0296
18 38 0.115
16 38 0.0244
16 39 0.249
16 40 0.11
19 32 0.465
19 33 1.64e-3
31 36 0.0297
19 34 1.49e-3
7 32 4.27e-3
13 18 0.0218
29 38 0.0297
19 36 2.53e-3
17 36 0.017
17 38 0.249
13 21 0.0657
17 39 0.114
12 22 0.22
12 23 4.66e-3
7 23 1.64e-3
13 25 0.0838
6 24 1.28e-3
13 26 2.72e-3
6 26 0.0018
24 30 2.84e-3
6 27 0.447
7 14 3.22e-3
14 37 0.0839
12 38 0.0031
12 39 0.0796
2 11 0.0791
8 15 0.0226
2 15 0.0166
1 32 0.38
14 19 3.37e-3
15 36 0.0841
15 20 0.16
2 18 3.37e-3
14 21 0.137
13 37 1.06e-3
27 40 0.0112
15 39 0.0243
15 23 0.104
9 22 0.103
15 40 0.242
14 24 0.103
14 25 2.12e-3
8 25 0.0303
8 26 0.0272
3 10 0.0776
21 30 0.487
20 31 0.487
9 14 0.0227
9 30 5.16e-3
3 13 7.08e-3
8 31 5.24e-3
3 14 0.0165
3 30 0.469
2 31 0.469
20 35 1.41e-3
4 9 0.0487
4 11 0.0121
4 12 0.0205
21 32 0.0027
21 34 1.31e-3
5 16 0.0059
4 16 2.79e-3
5 17 7.95e-3
4 17 0.0059
16 20 1.33e-3
4 18 7.96e-3
11 20 0.13
17 22 0.0035
16 22 0.104
10 21 0.129
16 23 3.24e-3
11 22 8.04e-3
11 23 0.24
11 39 3.35e-3
10 24 0.229
11 40 0.0747
10 25 1.35e-3
23 28 0.483
10 26 4.58e-3
5 25 1.03e-3
22 29 0.487
5 11 0.022
23 31 2.88e-3
22 31 2.96e-3
5 28 0.469
5 12 0.0107
10 29 3.48e-3
4 29 0.469
5 15 2.89e-3

#END
