#PP 2.0

53                 GACCCCUGUGGUUUUCUACAAAUGUGGGAAACUUAAUUGC

#END

#SECTION BASEPAIRS

#BPCUT 0.001

17 26 0.99
16 27 0.991
9 18 8.82e-3
8 19 8.82e-3
1 38 1.05e-3
3 39 0.0216
4 39 0.034
6 39 0.0242
3 8 0.0328
1 40 4.77e-3
3 11 2.77e-3
3 28 4.52e-3
15 28 0.989
14 29 0.989
10 33 0.85
10 34 0.0148
8 34 0.0458
7 35 0.051
1 6 7.62e-3
7 20 0.0085
7 36 0.0709
8 37 0.0249
5 39 0.0167
6 24 3.66e-3
8 40 0.0111
4 10 3.15e-3
6 26 4.14e-3
19 24 0.986
18 25 0.989
13 30 0.987
12 31 0.987
11 32 0.985
11 16 8.75e-3
10 17 0.0088
2 37 1.09e-3
9 35 0.0245
9 36 0.0248
2 9 0.0315
9 39 0.0113
5 26 4.54e-3
4 27 4.55e-3
5 27 4.14e-3
2 12 2.31e-3
4 28 4.11e-3

#END
