#PP 2.0

54                 UUUCUACAAAUGUGGGAAACUUAAUUGCAUAAUUUGUGGU

#END

#SECTION BASEPAIRS

#BPCUT 0.001

28 38 0.0024
6 37 0.965
4 38 3.22e-3
4 39 0.937
6 13 0.0336
31 35 1.66e-3
29 35 0.0279
29 37 2.43e-3
1 18 0.0241
18 22 1.41e-3
7 36 0.966
5 38 0.958
18 25 0.0498
19 25 1.17e-3
13 27 5.06e-3
12 28 5.13e-3
13 29 0.903
7 12 0.0335
12 30 0.845
26 38 0.0243
24 40 0.0192
3 16 0.0328
27 37 0.0286
2 17 0.0318
15 20 1.72e-3
25 39 0.0223
14 21 1.29e-3
15 25 3.25e-3
3 39 0.0018
14 26 3.59e-3
14 28 0.904
15 28 0.0525
14 30 1.07e-3
10 33 0.937
8 35 0.964
11 32 0.516
4 15 0.0334
9 33 1.55e-3
9 34 0.959
16 25 1.01e-3
17 25 0.767
16 26 0.829
17 26 0.0564
11 29 4.32e-3
10 30 2.51e-3
11 31 0.425
5 14 0.0335
30 36 0.0024
28 36 0.0289

#END
