#PP 2.0

7                  UUAGUACUUGGAUGGGAGACUUCCUGGGAAUAUAAGCUGC

#END

#SECTION BASEPAIRS

#BPCUT 0.001

28 37 3.97e-3
4 33 0.0272
6 33 7.39e-3
4 37 0.206
6 38 0.205
4 40 0.206
5 32 0.0298
5 34 3.07e-3
7 18 3.66e-3
5 36 0.176
7 36 0.265
18 23 1.13e-3
12 22 0.472
18 24 1.98e-3
5 39 0.209
13 26 0.305
13 27 6.84e-3
7 26 4.55e-3
13 28 1.96e-3
7 27 0.371
13 29 0.0027
7 28 0.118
13 30 0.0471
12 31 0.0477
6 31 0.0287
2 32 0.0755
26 38 2.66e-3
2 34 0.0616
2 35 2.94e-3
2 39 0.165
9 16 3.59e-3
8 17 3.68e-3
27 37 2.92e-3
3 33 0.0605
27 38 2.54e-3
15 20 0.235
14 20 0.249
1 34 2.56e-3
15 21 2.09e-3
14 21 0.206
1 35 0.047
1 36 1.93e-3
15 23 0.01
3 21 2.91e-3
15 24 0.457
14 24 9.97e-3
3 38 0.203
15 25 2.51e-3
14 25 0.444
8 26 0.333
9 26 0.0806
8 27 0.117
9 28 6.53e-3
8 29 6.52e-3
9 29 7.95e-3
8 30 7.19e-3
9 30 0.014
8 32 1.85e-3
3 31 0.0832
10 33 0.253
8 35 0.273
9 32 0.0748
9 34 0.271
16 20 2.21e-3
17 21 7.01e-3
5 19 3.48e-3
17 22 0.4
16 22 9.31e-3
4 20 3.49e-3
16 23 0.457
16 24 2.46e-3
11 23 0.503
17 25 1.96e-3
11 24 0.0192
10 24 0.502
10 25 0.0201
5 28 1.03e-3
5 29 0.0088
10 31 0.0775
5 30 0.0544
4 31 0.0516

#END
