#PP 2.0

9                  CUUUACGGCCACACCACCCUGAACGCACCGGAUCUCGACU

#END

#SECTION BASEPAIRS

#BPCUT 0.001

28 37 1.45e-3
30 39 0.0177
18 37 9.37e-3
30 40 1.91e-3
6 37 7.91e-3
31 35 0.107
31 36 8.21e-3
29 37 0.252
7 17 1.26e-3
7 18 0.302
7 34 3.79e-3
31 39 2.73e-3
19 37 3.49e-3
13 20 0.0326
7 19 0.0212
12 21 0.0399
7 20 4.66e-3
7 36 7.92e-3
6 21 5.31e-3
1 21 1.05e-3
12 25 6.74e-3
7 24 0.176
6 25 0.169
25 29 0.0244
1 25 0.014
24 30 0.0273
24 31 0.0358
19 30 0.0601
18 30 0.0143
7 12 7.34e-3
7 28 4.69e-3
19 31 0.0856
18 31 0.0599
7 29 0.208
6 30 0.204
7 14 5.21e-3
7 15 0.132
1 30 3.17e-3
1 31 0.011
2 32 2.82e-3
24 37 3.25e-3
8 14 0.131
25 36 3.18e-3
8 17 0.302
3 32 6.33e-3
8 18 0.0206
8 19 4.59e-3
25 39 3.62e-3
15 21 0.0697
14 21 0.0074
1 37 1.42e-3
3 21 1.18e-3
2 22 1.24e-3
3 22 0.244
21 26 0.0316
15 25 0.001
3 23 1.36e-3
2 23 0.181
20 27 0.0287
9 25 0.0309
21 28 0.0293
8 26 0.0267
26 30 1.05e-3
21 29 0.0906
26 31 5.92e-3
20 30 0.0861
8 28 0.202
15 30 6.48e-3
14 31 6.45e-3
22 33 0.034
9 31 0.0089
2 30 0.0102
3 31 3.02e-3
22 35 0.0114
8 33 3.79e-3
20 37 7.58e-3
8 35 6.03e-3
21 34 0.0349
21 36 0.012
16 20 0.0462
11 20 0.168
10 21 0.177
5 20 0.244
4 21 0.252
4 22 0.0016
10 25 0.0161
4 27 6.46e-3
17 31 0.0142
10 30 8.91e-3
4 30 1.59e-3
16 33 1.23e-3
4 31 6.14e-3
30 36 0.256
4 32 3.42e-3

#END
